60 99
73
34 6 26 38
13 3 8 96
13 5 34 44
10 12 0 40
10 12 0 18
6 7 0 33
6 15 10 55
25 7 8 74
25 15 35 54
21 12 39 26
16 7 10 38
16 5 44 74
21 3 23 9
21 5 39 49
5 7 21 19
5 5 16 5
4 1 35 32
4 10 17 19
6 13 16 51
12 13 39 86
12 9 48 3
23 6 11 45
7 3 10 26
7 5 22 26
2 1 0 97
2 10 44 0
6 6 17 64
6 5 32 0
14 7 37 79
14 6 23 81
16 3 0 52
16 5 44 69
14 6 21 32
14 5 18 0
14 13 9 81
3 2 21 97
3 7 14 19
11 2 28 51
11 7 16 12
6 7 38 2
6 6 33 26
33 14 27 12
12 4 22 5
12 3 27 96
16 18 0 0
12 3 48 46
12 18 23 53
4 4 17 70
4 3 2 30
3 1 5 98
3 2 8 70
6 9 28 87
6 9 14 29
6 1 0 96
6 2 36 69
5 7 6 30
5 18 3 73
3 9 33 71
3 9 36 87
9 18 51 79
6 5 3 91
6 2 22 51
2 12 24 87
2 9 34 87
8 3 52 0
8 9 0 64
10 9 0 55
3 5 0 91
3 2 11 36
3 18 0 73
3 7 10 19
2 3 26 93
2 9 42 69